{
  "asset": {
    "version": "2.0",
    "generator": "THREE.GLTFExporter"
  },
  "scenes": [
    {
      "name": "AuxScene",
      "nodes": [
        441
      ]
    }
  ],
  "scene": 0,
  "nodes": [
    {
      "matrix": [
        1,
        0,
        0,
        0,
        0,
        2.220446049250313e-16,
        1,
        0,
        0,
        -1,
        2.220446049250313e-16,
        0,
        0,
        0,
        0.02,
        1
      ],
      "mesh": 0
    },
    {
      "matrix": [
        1,
        0,
        0,
        0,
        0,
        0.00009999999949994454,
        -0.999999995,
        0,
        0,
        0.999999995,
        0.00009999999949994454,
        0,
        0,
        0,
        0,
        1
      ],
      "children": [
        0
      ]
    },
    {
      "matrix": [
        1,
        0,
        0,
        0,
        0,
        2.220446049250313e-16,
        1,
        0,
        0,
        -1,
        2.220446049250313e-16,
        0,
        0,
        0,
        0.02,
        1
      ],
      "mesh": 0
    },
    {
      "matrix": [
        1,
        0,
        0,
        0,
        0,
        0.00009999999949994454,
        -0.999999995,
        0,
        0,
        0.999999995,
        0.00009999999949994454,
        0,
        0,
        0.04,
        0,
        1
      ],
      "children": [
        2
      ]
    },
    {
      "matrix": [
        1,
        0,
        0,
        0,
        0,
        2.220446049250313e-16,
        1,
        0,
        0,
        -1,
        2.220446049250313e-16,
        0,
        0,
        0,
        0.02,
        1
      ],
      "mesh": 0
    },
    {
      "matrix": [
        0,
        0,
        -1,
        0,
        -0.7071067811865475,
        0.7071067811865477,
        0,
        0,
        0.7071067811865477,
        0.7071067811865475,
        0,
        0,
        0,
        0.08,
        0,
        1
      ],
      "children": [
        4
      ]
    },
    {
      "matrix": [
        1,
        0,
        0,
        0,
        0,
        2.220446049250313e-16,
        1,
        0,
        0,
        -1,
        2.220446049250313e-16,
        0,
        0,
        0,
        0.02,
        1
      ],
      "mesh": 0
    },
    {
      "matrix": [
        2.220446049250313e-16,
        0,
        -1,
        0,
        0,
        1,
        0,
        0,
        1,
        0,
        2.220446049250313e-16,
        0,
        0.028284271247461905,
        0.1082842712474619,
        0,
        1
      ],
      "children": [
        6
      ]
    },
    {
      "matrix": [
        1,
        0,
        0,
        0,
        0,
        2.220446049250313e-16,
        1,
        0,
        0,
        -1,
        2.220446049250313e-16,
        0,
        0,
        0,
        0.02,
        1
      ],
      "mesh": 0
    },
    {
      "matrix": [
        -2.220446049250313e-16,
        0,
        -1.0000000000000002,
        0,
        0.7071067811865479,
        0.7071067811865472,
        0,
        0,
        0.7071067811865475,
        -0.7071067811865479,
        -2.220446049250313e-16,
        0,
        0.0682842712474619,
        0.1082842712474619,
        0,
        1
      ],
      "children": [
        8
      ]
    },
    {
      "matrix": [
        1,
        0,
        0,
        0,
        0,
        2.220446049250313e-16,
        1,
        0,
        0,
        -1,
        2.220446049250313e-16,
        0,
        0,
        0,
        0.02,
        1
      ],
      "mesh": 0
    },
    {
      "matrix": [
        0,
        0,
        -1,
        0,
        -0.7071067811865475,
        0.7071067811865477,
        0,
        0,
        0.7071067811865477,
        0.7071067811865475,
        0,
        0,
        0.0682842712474619,
        0.1082842712474619,
        0,
        1
      ],
      "children": [
        10
      ]
    },
    {
      "matrix": [
        1,
        0,
        0,
        0,
        0,
        2.220446049250313e-16,
        1,
        0,
        0,
        -1,
        2.220446049250313e-16,
        0,
        0,
        0,
        0.02,
        1
      ],
      "mesh": 0
    },
    {
      "matrix": [
        -2.220446049250313e-16,
        0,
        -1,
        0,
        0,
        1,
        0,
        0,
        1,
        0,
        -2.220446049250313e-16,
        0,
        0.0682842712474619,
        0.1082842712474619,
        0,
        1
      ],
      "children": [
        12
      ]
    },
    {
      "matrix": [
        1,
        0,
        0,
        0,
        0,
        2.220446049250313e-16,
        1,
        0,
        0,
        -1,
        2.220446049250313e-16,
        0,
        0,
        0,
        0.02,
        1
      ],
      "mesh": 0
    },
    {
      "matrix": [
        0,
        0,
        -1,
        0,
        -0.7071067811865475,
        0.7071067811865477,
        0,
        0,
        0.7071067811865477,
        0.7071067811865475,
        0,
        0,
        0.0682842712474619,
        0.1082842712474619,
        0,
        1
      ],
      "children": [
        14
      ]
    },
    {
      "matrix": [
        1,
        0,
        0,
        0,
        0,
        2.220446049250313e-16,
        1,
        0,
        0,
        -1,
        2.220446049250313e-16,
        0,
        0,
        0,
        0.02,
        1
      ],
      "mesh": 0
    },
    {
      "matrix": [
        2.220446049250313e-16,
        0,
        -1,
        0,
        0,
        1,
        0,
        0,
        1,
        0,
        2.220446049250313e-16,
        0,
        0.0682842712474619,
        0.1082842712474619,
        0,
        1
      ],
      "children": [
        16
      ]
    },
    {
      "matrix": [
        1,
        0,
        0,
        0,
        0,
        2.220446049250313e-16,
        1,
        0,
        0,
        -1,
        2.220446049250313e-16,
        0,
        0,
        0,
        0.02,
        1
      ],
      "mesh": 0
    },
    {
      "matrix": [
        -0.9596829822606674,
        0,
        -0.28108463771482023,
        0,
        -0.2399207455651668,
        0.5210053832799871,
        0.8191406634032572,
        0,
        0.1464466094067262,
        0.8535533905932737,
        -0.5,
        0,
        0.028284271247461905,
        0.1082842712474619,
        0,
        1
      ],
      "children": [
        18
      ]
    },
    {
      "matrix": [
        1,
        0,
        0,
        0,
        0,
        2.220446049250313e-16,
        1,
        0,
        0,
        -1,
        2.220446049250313e-16,
        0,
        0,
        0,
        0.02,
        1
      ],
      "mesh": 0
    },
    {
      "matrix": [
        -0.5773502691896255,
        2.7755575615628914e-17,
        -0.816496580927726,
        0,
        -0.4082482904638629,
        0.8660254037844387,
        0.28867513459481275,
        0,
        0.7071067811865477,
        0.4999999999999999,
        -0.4999999999999998,
        0,
        0.03414213562373095,
        0.14242640687119285,
        -0.019999999999999997,
        1
      ],
      "children": [
        20
      ]
    },
    {
      "matrix": [
        1,
        0,
        0,
        0,
        0,
        2.220446049250313e-16,
        1,
        0,
        0,
        -1,
        2.220446049250313e-16,
        0,
        0,
        0,
        0.02,
        1
      ],
      "mesh": 0
    },
    {
      "matrix": [
        -0.9970862886694087,
        0,
        0.07628193067472937,
        0,
        0.021384120177895094,
        0.9599036633667752,
        0.2795132849423477,
        0,
        -0.07322330470336309,
        0.28033008588991065,
        -0.9571067811865472,
        0,
        0.03414213562373095,
        0.14242640687119285,
        -0.019999999999999997,
        1
      ],
      "children": [
        22
      ]
    },
    {
      "matrix": [
        1,
        0,
        0,
        0,
        0,
        2.220446049250313e-16,
        1,
        0,
        0,
        -1,
        2.220446049250313e-16,
        0,
        0,
        0,
        0.02,
        1
      ],
      "mesh": 0
    },
    {
      "matrix": [
        0.8628562094610169,
        2.7755575615628914e-17,
        -0.5054494651244235,
        0,
        -0.483769110617699,
        0.2897354127591695,
        -0.8258455292640593,
        0,
        0.1464466094067263,
        0.9571067811865476,
        0.2500000000000002,
        0,
        0.03414213562373095,
        0.14242640687119285,
        -0.019999999999999997,
        1
      ],
      "children": [
        24
      ]
    },
    {
      "matrix": [
        1,
        0,
        0,
        0,
        0,
        2.220446049250313e-16,
        1,
        0,
        0,
        -1,
        2.220446049250313e-16,
        0,
        0,
        0,
        0.02,
        1
      ],
      "mesh": 0
    },
    {
      "matrix": [
        -0.7071067811865477,
        0,
        0.7071067811865476,
        0,
        0.5000000000000001,
        0.7071067811865474,
        0.5000000000000002,
        0,
        -0.4999999999999999,
        0.7071067811865477,
        -0.5,
        0,
        0.03414213562373095,
        0.14242640687119285,
        -0.019999999999999997,
        1
      ],
      "children": [
        26
      ]
    },
    {
      "matrix": [
        1,
        0,
        0,
        0,
        0,
        2.220446049250313e-16,
        1,
        0,
        0,
        -1,
        2.220446049250313e-16,
        0,
        0,
        0,
        0.02,
        1
      ],
      "mesh": 0
    },
    {
      "matrix": [
        -0.9596829822606674,
        0,
        -0.28108463771482023,
        0,
        -0.2399207455651668,
        0.5210053832799871,
        0.8191406634032572,
        0,
        0.1464466094067262,
        0.8535533905932737,
        -0.5,
        0,
        0.03414213562373095,
        0.14242640687119285,
        -0.019999999999999997,
        1
      ],
      "children": [
        28
      ]
    },
    {
      "matrix": [
        1,
        0,
        0,
        0,
        0,
        2.220446049250313e-16,
        1,
        0,
        0,
        -1,
        2.220446049250313e-16,
        0,
        0,
        0,
        0.02,
        1
      ],
      "mesh": 0
    },
    {
      "matrix": [
        0.5773502691896257,
        -2.7755575615628914e-17,
        -0.816496580927726,
        0,
        -0.4082482904638629,
        0.8660254037844387,
        -0.28867513459481275,
        0,
        0.7071067811865477,
        0.4999999999999999,
        0.5,
        0,
        0.028284271247461905,
        0.1082842712474619,
        0,
        1
      ],
      "children": [
        30
      ]
    },
    {
      "matrix": [
        1,
        0,
        0,
        0,
        0,
        2.220446049250313e-16,
        1,
        0,
        0,
        -1,
        2.220446049250313e-16,
        0,
        0,
        0,
        0.02,
        1
      ],
      "mesh": 0
    },
    {
      "matrix": [
        0.5054494651244237,
        0,
        -0.8628562094610167,
        0,
        0.1263623662811059,
        0.9892185757421227,
        0.07402136039391519,
        0,
        0.8535533905932736,
        -0.14644660940672624,
        0.5000000000000001,
        0,
        0.0565685424949238,
        0.1282842712474619,
        0.019999999999999997,
        1
      ],
      "children": [
        32
      ]
    },
    {
      "matrix": [
        1,
        0,
        0,
        0,
        0,
        2.220446049250313e-16,
        1,
        0,
        0,
        -1,
        2.220446049250313e-16,
        0,
        0,
        0,
        0.02,
        1
      ],
      "mesh": 0
    },
    {
      "matrix": [
        1,
        0,
        0,
        0,
        0,
        0.00009999999949994454,
        -0.999999995,
        0,
        0,
        0.999999995,
        0.00009999999949994454,
        0,
        0.0565685424949238,
        0.1282842712474619,
        0.019999999999999997,
        1
      ],
      "children": [
        34
      ]
    },
    {
      "matrix": [
        1,
        0,
        0,
        0,
        0,
        2.220446049250313e-16,
        1,
        0,
        0,
        -1,
        2.220446049250313e-16,
        0,
        0,
        0,
        0.02,
        1
      ],
      "mesh": 0
    },
    {
      "matrix": [
        0.7071067811865475,
        0,
        -0.7071067811865476,
        0,
        0,
        1,
        0,
        0,
        0.7071067811865476,
        0,
        0.7071067811865475,
        0,
        0.0565685424949238,
        0.1282842712474619,
        0.019999999999999997,
        1
      ],
      "children": [
        36
      ]
    },
    {
      "matrix": [
        1,
        0,
        0,
        0,
        0,
        2.220446049250313e-16,
        1,
        0,
        0,
        -1,
        2.220446049250313e-16,
        0,
        0,
        0,
        0.02,
        1
      ],
      "mesh": 0
    },
    {
      "matrix": [
        0.9596829822606673,
        0,
        -0.28108463771482023,
        0,
        -0.2399207455651668,
        0.5210053832799871,
        -0.8191406634032572,
        0,
        0.1464466094067262,
        0.8535533905932737,
        0.5,
        0,
        0.0565685424949238,
        0.1282842712474619,
        0.019999999999999997,
        1
      ],
      "children": [
        38
      ]
    },
    {
      "matrix": [
        1,
        0,
        0,
        0,
        0,
        2.220446049250313e-16,
        1,
        0,
        0,
        -1,
        2.220446049250313e-16,
        0,
        0,
        0,
        0.02,
        1
      ],
      "mesh": 0
    },
    {
      "matrix": [
        0.5773502691896257,
        -5.551115123125783e-17,
        -0.816496580927726,
        0,
        -0.40824829046386296,
        0.8660254037844386,
        -0.28867513459481287,
        0,
        0.7071067811865475,
        0.5,
        0.5,
        0,
        0.0565685424949238,
        0.1282842712474619,
        0.019999999999999997,
        1
      ],
      "children": [
        40
      ]
    },
    {
      "matrix": [
        1,
        0,
        0,
        0,
        0,
        2.220446049250313e-16,
        1,
        0,
        0,
        -1,
        2.220446049250313e-16,
        0,
        0,
        0,
        0.02,
        1
      ],
      "mesh": 0
    },
    {
      "matrix": [
        0,
        0,
        -1,
        0,
        -1,
        0,
        0,
        0,
        0,
        1,
        0,
        0,
        0.028284271247461905,
        0.1082842712474619,
        0,
        1
      ],
      "children": [
        42
      ]
    },
    {
      "matrix": [
        1,
        0,
        0,
        0,
        0,
        2.220446049250313e-16,
        1,
        0,
        0,
        -1,
        2.220446049250313e-16,
        0,
        0,
        0,
        0.02,
        1
      ],
      "mesh": 0
    },
    {
      "matrix": [
        0,
        0,
        -1,
        0,
        -0.7071067811865475,
        0.7071067811865477,
        0,
        0,
        0.7071067811865477,
        0.7071067811865475,
        0,
        0,
        0.02828427124746191,
        0.1482842712474619,
        0,
        1
      ],
      "children": [
        44
      ]
    },
    {
      "matrix": [
        1,
        0,
        0,
        0,
        0,
        2.220446049250313e-16,
        1,
        0,
        0,
        -1,
        2.220446049250313e-16,
        0,
        0,
        0,
        0.02,
        1
      ],
      "mesh": 0
    },
    {
      "matrix": [
        -0.816496580927726,
        0,
        0.5773502691896257,
        0,
        0.28867513459481275,
        0.8660254037844387,
        0.4082482904638629,
        0,
        -0.5,
        0.4999999999999998,
        -0.7071067811865477,
        0,
        0.02828427124746191,
        0.1482842712474619,
        0,
        1
      ],
      "children": [
        46
      ]
    },
    {
      "matrix": [
        1,
        0,
        0,
        0,
        0,
        2.220446049250313e-16,
        1,
        0,
        0,
        -1,
        2.220446049250313e-16,
        0,
        0,
        0,
        0.02,
        1
      ],
      "mesh": 0
    },
    {
      "matrix": [
        1,
        -6.162975822039155e-33,
        -1.226634733346699e-16,
        0,
        -8.673617379884035e-17,
        0.7071067811865474,
        -0.7071067811865477,
        0,
        8.673617379884033e-17,
        0.7071067811865477,
        0.7071067811865474,
        0,
        0.02828427124746191,
        0.1482842712474619,
        0,
        1
      ],
      "children": [
        48
      ]
    },
    {
      "matrix": [
        1,
        0,
        0,
        0,
        0,
        2.220446049250313e-16,
        1,
        0,
        0,
        -1,
        2.220446049250313e-16,
        0,
        0,
        0,
        0.02,
        1
      ],
      "mesh": 0
    },
    {
      "matrix": [
        -2.220446049250313e-16,
        0,
        1.0000000000000002,
        0,
        0.7071067811865479,
        0.7071067811865472,
        0,
        0,
        -0.7071067811865475,
        0.7071067811865479,
        -2.220446049250313e-16,
        0,
        0.02828427124746191,
        0.1482842712474619,
        0,
        1
      ],
      "children": [
        50
      ]
    },
    {
      "matrix": [
        1,
        0,
        0,
        0,
        0,
        2.220446049250313e-16,
        1,
        0,
        0,
        -1,
        2.220446049250313e-16,
        0,
        0,
        0,
        0.02,
        1
      ],
      "mesh": 0
    },
    {
      "matrix": [
        -0.5390536964233672,
        0,
        -0.8422714006615114,
        0,
        -0.8422714006615114,
        0,
        0.5390536964233672,
        0,
        0,
        1,
        0,
        0,
        0.02828427124746191,
        0.1482842712474619,
        0,
        1
      ],
      "children": [
        52
      ]
    },
    {
      "matrix": [
        1,
        0,
        0,
        0,
        0,
        2.220446049250313e-16,
        1,
        0,
        0,
        -1,
        2.220446049250313e-16,
        0,
        0,
        0,
        0.02,
        1
      ],
      "mesh": 0
    },
    {
      "matrix": [
        0,
        0,
        -1,
        0,
        -0.7071067811865475,
        0.7071067811865477,
        0,
        0,
        0.7071067811865477,
        0.7071067811865475,
        0,
        0,
        0.028284271247461905,
        0.1082842712474619,
        0,
        1
      ],
      "children": [
        54
      ]
    },
    {
      "matrix": [
        1,
        0,
        0,
        0,
        0,
        2.220446049250313e-16,
        1,
        0,
        0,
        -1,
        2.220446049250313e-16,
        0,
        0,
        0,
        0.02,
        1
      ],
      "mesh": 0
    },
    {
      "matrix": [
        2.220446049250313e-16,
        0,
        -1,
        0,
        0,
        1,
        0,
        0,
        1,
        0,
        2.220446049250313e-16,
        0,
        0.056568542494923796,
        0.13656854249492378,
        0,
        1
      ],
      "children": [
        56
      ]
    },
    {
      "matrix": [
        1,
        0,
        0,
        0,
        0,
        2.220446049250313e-16,
        1,
        0,
        0,
        -1,
        2.220446049250313e-16,
        0,
        0,
        0,
        0.02,
        1
      ],
      "mesh": 0
    },
    {
      "matrix": [
        -0.9596829822606674,
        0,
        -0.28108463771482023,
        0,
        -0.2399207455651668,
        0.5210053832799871,
        0.8191406634032572,
        0,
        0.1464466094067262,
        0.8535533905932737,
        -0.5,
        0,
        0.056568542494923796,
        0.13656854249492378,
        0,
        1
      ],
      "children": [
        58
      ]
    },
    {
      "matrix": [
        1,
        0,
        0,
        0,
        0,
        2.220446049250313e-16,
        1,
        0,
        0,
        -1,
        2.220446049250313e-16,
        0,
        0,
        0,
        0.02,
        1
      ],
      "mesh": 0
    },
    {
      "matrix": [
        0.5773502691896257,
        -2.7755575615628914e-17,
        -0.816496580927726,
        0,
        -0.4082482904638629,
        0.8660254037844387,
        -0.28867513459481275,
        0,
        0.7071067811865477,
        0.4999999999999999,
        0.5,
        0,
        0.056568542494923796,
        0.13656854249492378,
        0,
        1
      ],
      "children": [
        60
      ]
    },
    {
      "matrix": [
        1,
        0,
        0,
        0,
        0,
        2.220446049250313e-16,
        1,
        0,
        0,
        -1,
        2.220446049250313e-16,
        0,
        0,
        0,
        0.02,
        1
      ],
      "mesh": 0
    },
    {
      "matrix": [
        1,
        0,
        0,
        0,
        0,
        0.00009999999949994454,
        -0.999999995,
        0,
        0,
        0.999999995,
        0.00009999999949994454,
        0,
        0.056568542494923796,
        0.13656854249492378,
        0,
        1
      ],
      "children": [
        62
      ]
    },
    {
      "matrix": [
        1,
        0,
        0,
        0,
        0,
        2.220446049250313e-16,
        1,
        0,
        0,
        -1,
        2.220446049250313e-16,
        0,
        0,
        0,
        0.02,
        1
      ],
      "mesh": 0
    },
    {
      "matrix": [
        0,
        0,
        -1,
        0,
        -0.7071067811865475,
        0.7071067811865477,
        0,
        0,
        0.7071067811865477,
        0.7071067811865475,
        0,
        0,
        0.056568542494923796,
        0.13656854249492378,
        0,
        1
      ],
      "children": [
        64
      ]
    },
    {
      "matrix": [
        1,
        0,
        0,
        0,
        0,
        2.220446049250313e-16,
        1,
        0,
        0,
        -1,
        2.220446049250313e-16,
        0,
        0,
        0,
        0.02,
        1
      ],
      "mesh": 0
    },
    {
      "matrix": [
        -0.8164965809277263,
        0,
        0.5773502691896257,
        0,
        0.2886751345948129,
        0.8660254037844386,
        0.40824829046386313,
        0,
        -0.49999999999999994,
        0.5000000000000001,
        -0.7071067811865477,
        0,
        0,
        0.08,
        0,
        1
      ],
      "children": [
        66
      ]
    },
    {
      "matrix": [
        1,
        0,
        0,
        0,
        0,
        2.220446049250313e-16,
        1,
        0,
        0,
        -1,
        2.220446049250313e-16,
        0,
        0,
        0,
        0.02,
        1
      ],
      "mesh": 0
    },
    {
      "matrix": [
        -1,
        0,
        0,
        0,
        0,
        0.7071067811865477,
        0.7071067811865474,
        0,
        0,
        0.7071067811865474,
        -0.7071067811865479,
        0,
        -0.019999999999999997,
        0.1,
        -0.028284271247461898,
        1
      ],
      "children": [
        68
      ]
    },
    {
      "matrix": [
        1,
        0,
        0,
        0,
        0,
        2.220446049250313e-16,
        1,
        0,
        0,
        -1,
        2.220446049250313e-16,
        0,
        0,
        0,
        0.02,
        1
      ],
      "mesh": 0
    },
    {
      "matrix": [
        -0.816496580927726,
        0,
        -0.5773502691896257,
        0,
        -0.28867513459481275,
        0.8660254037844387,
        0.4082482904638629,
        0,
        0.5,
        0.4999999999999998,
        -0.7071067811865477,
        0,
        -0.019999999999999997,
        0.1282842712474619,
        -0.056568542494923796,
        1
      ],
      "children": [
        70
      ]
    },
    {
      "matrix": [
        1,
        0,
        0,
        0,
        0,
        2.220446049250313e-16,
        1,
        0,
        0,
        -1,
        2.220446049250313e-16,
        0,
        0,
        0,
        0.02,
        1
      ],
      "mesh": 0
    },
    {
      "matrix": [
        -1,
        0,
        0,
        0,
        0,
        1,
        0,
        0,
        0,
        0,
        -1,
        0,
        -0.019999999999999997,
        0.1282842712474619,
        -0.056568542494923796,
        1
      ],
      "children": [
        72
      ]
    },
    {
      "matrix": [
        1,
        0,
        0,
        0,
        0,
        2.220446049250313e-16,
        1,
        0,
        0,
        -1,
        2.220446049250313e-16,
        0,
        0,
        0,
        0.02,
        1
      ],
      "mesh": 0
    },
    {
      "matrix": [
        1,
        0,
        0,
        0,
        0,
        0.00009999999949994454,
        -0.999999995,
        0,
        0,
        0.999999995,
        0.00009999999949994454,
        0,
        -0.019999999999999997,
        0.1282842712474619,
        -0.056568542494923796,
        1
      ],
      "children": [
        74
      ]
    },
    {
      "matrix": [
        1,
        0,
        0,
        0,
        0,
        2.220446049250313e-16,
        1,
        0,
        0,
        -1,
        2.220446049250313e-16,
        0,
        0,
        0,
        0.02,
        1
      ],
      "mesh": 0
    },
    {
      "matrix": [
        -0.816496580927726,
        0,
        0.5773502691896257,
        0,
        0.28867513459481275,
        0.8660254037844387,
        0.4082482904638629,
        0,
        -0.5,
        0.4999999999999998,
        -0.7071067811865477,
        0,
        -0.019999999999999997,
        0.1282842712474619,
        -0.056568542494923796,
        1
      ],
      "children": [
        76
      ]
    },
    {
      "matrix": [
        1,
        0,
        0,
        0,
        0,
        2.220446049250313e-16,
        1,
        0,
        0,
        -1,
        2.220446049250313e-16,
        0,
        0,
        0,
        0.02,
        1
      ],
      "mesh": 0
    },
    {
      "matrix": [
        -1,
        0,
        0,
        0,
        0,
        0.7071067811865476,
        0.7071067811865475,
        0,
        0,
        0.7071067811865475,
        -0.7071067811865475,
        0,
        -0.019999999999999997,
        0.1282842712474619,
        -0.056568542494923796,
        1
      ],
      "children": [
        78
      ]
    },
    {
      "matrix": [
        1,
        0,
        0,
        0,
        0,
        2.220446049250313e-16,
        1,
        0,
        0,
        -1,
        2.220446049250313e-16,
        0,
        0,
        0,
        0.02,
        1
      ],
      "mesh": 0
    },
    {
      "matrix": [
        -0.9596829822606672,
        1.3877787807814457e-17,
        0.2810846377148202,
        0,
        -0.1284856939868083,
        0.8894118228319622,
        -0.43867759898068037,
        0,
        -0.2499999999999999,
        -0.4571067811865477,
        -0.8535533905932735,
        0,
        -0.019999999999999997,
        0.1,
        -0.028284271247461898,
        1
      ],
      "children": [
        80
      ]
    },
    {
      "matrix": [
        1,
        0,
        0,
        0,
        0,
        2.220446049250313e-16,
        1,
        0,
        0,
        -1,
        2.220446049250313e-16,
        0,
        0,
        0,
        0.02,
        1
      ],
      "mesh": 0
    },
    {
      "matrix": [
        -0.8628562094610173,
        -1.3877787807814457e-17,
        0.5054494651244235,
        0,
        -0.07402136039391513,
        0.9892185757421227,
        -0.12636236628110586,
        0,
        -0.49999999999999994,
        -0.1464466094067262,
        -0.8535533905932742,
        0,
        -0.029999999999999992,
        0.0817157287525381,
        -0.062426406871192844,
        1
      ],
      "children": [
        82
      ]
    },
    {
      "matrix": [
        1,
        0,
        0,
        0,
        0,
        2.220446049250313e-16,
        1,
        0,
        0,
        -1,
        2.220446049250313e-16,
        0,
        0,
        0,
        0.02,
        1
      ],
      "mesh": 0
    },
    {
      "matrix": [
        -0.5054494651244237,
        5.551115123125783e-17,
        -0.8628562094610168,
        0,
        0.7179885030814321,
        0.5546154566033689,
        -0.4205879274771461,
        0,
        0.47855339059327395,
        -0.8321067811865475,
        -0.28033008588991093,
        0,
        -0.029999999999999992,
        0.0817157287525381,
        -0.062426406871192844,
        1
      ],
      "children": [
        84
      ]
    },
    {
      "matrix": [
        1,
        0,
        0,
        0,
        0,
        2.220446049250313e-16,
        1,
        0,
        0,
        -1,
        2.220446049250313e-16,
        0,
        0,
        0,
        0.02,
        1
      ],
      "mesh": 0
    },
    {
      "matrix": [
        -0.9654892784199318,
        -6.938893903907228e-18,
        0.26044280227366523,
        0,
        0.07300995313078562,
        0.9599036633667752,
        0.2706556923452474,
        0,
        -0.24999999999999992,
        0.28033008588991076,
        -0.9267766952966368,
        0,
        -0.029999999999999992,
        0.0817157287525381,
        -0.062426406871192844,
        1
      ],
      "children": [
        86
      ]
    },
    {
      "matrix": [
        1,
        0,
        0,
        0,
        0,
        2.220446049250313e-16,
        1,
        0,
        0,
        -1,
        2.220446049250313e-16,
        0,
        0,
        0,
        0.02,
        1
      ],
      "mesh": 0
    },
    {
      "matrix": [
        -0.9855985596534889,
        0,
        -0.16910197872576282,
        0,
        0.08455098936288143,
        0.8660254037844386,
        -0.4927992798267445,
        0,
        0.14644660940672632,
        -0.5000000000000001,
        -0.8535533905932737,
        0,
        -0.029999999999999992,
        0.0817157287525381,
        -0.062426406871192844,
        1
      ],
      "children": [
        88
      ]
    },
    {
      "matrix": [
        1,
        0,
        0,
        0,
        0,
        2.220446049250313e-16,
        1,
        0,
        0,
        -1,
        2.220446049250313e-16,
        0,
        0,
        0,
        0.02,
        1
      ],
      "mesh": 0
    },
    {
      "matrix": [
        -0.9596829822606672,
        1.3877787807814457e-17,
        0.2810846377148202,
        0,
        -0.1284856939868083,
        0.8894118228319622,
        -0.43867759898068037,
        0,
        -0.2499999999999999,
        -0.4571067811865477,
        -0.8535533905932735,
        0,
        -0.029999999999999992,
        0.0817157287525381,
        -0.062426406871192844,
        1
      ],
      "children": [
        90
      ]
    },
    {
      "matrix": [
        1,
        0,
        0,
        0,
        0,
        2.220446049250313e-16,
        1,
        0,
        0,
        -1,
        2.220446049250313e-16,
        0,
        0,
        0,
        0.02,
        1
      ],
      "mesh": 0
    },
    {
      "matrix": [
        -0.2810846377148202,
        -1.1102230246251565e-16,
        0.9596829822606673,
        0,
        0.8191406634032571,
        0.5210053832799872,
        0.23992074556516685,
        0,
        -0.5000000000000001,
        0.8535533905932737,
        -0.14644660940672627,
        0,
        -0.019999999999999997,
        0.1,
        -0.028284271247461898,
        1
      ],
      "children": [
        92
      ]
    },
    {
      "matrix": [
        1,
        0,
        0,
        0,
        0,
        2.220446049250313e-16,
        1,
        0,
        0,
        -1,
        2.220446049250313e-16,
        0,
        0,
        0,
        0.02,
        1
      ],
      "mesh": 0
    },
    {
      "matrix": [
        -0.5054494651244235,
        -5.551115123125783e-17,
        -0.8628562094610168,
        0,
        -0.8258455292640592,
        0.2897354127591696,
        0.48376911061769895,
        0,
        0.25000000000000017,
        0.9571067811865475,
        -0.14644660940672627,
        0,
        -0.039999999999999994,
        0.13414213562373095,
        -0.034142135623730946,
        1
      ],
      "children": [
        94
      ]
    },
    {
      "matrix": [
        1,
        0,
        0,
        0,
        0,
        2.220446049250313e-16,
        1,
        0,
        0,
        -1,
        2.220446049250313e-16,
        0,
        0,
        0,
        0.02,
        1
      ],
      "mesh": 0
    },
    {
      "matrix": [
        -0.7071067811865475,
        0,
        0.7071067811865476,
        0,
        0,
        1,
        0,
        0,
        -0.7071067811865476,
        0,
        -0.7071067811865475,
        0,
        -0.039999999999999994,
        0.13414213562373095,
        -0.034142135623730946,
        1
      ],
      "children": [
        96
      ]
    },
    {
      "matrix": [
        1,
        0,
        0,
        0,
        0,
        2.220446049250313e-16,
        1,
        0,
        0,
        -1,
        2.220446049250313e-16,
        0,
        0,
        0,
        0.02,
        1
      ],
      "mesh": 0
    },
    {
      "matrix": [
        0.7071067811865476,
        0,
        0.7071067811865476,
        0,
        0.5000000000000001,
        0.7071067811865474,
        -0.5000000000000002,
        0,
        -0.4999999999999999,
        0.7071067811865477,
        0.4999999999999999,
        0,
        -0.039999999999999994,
        0.13414213562373095,
        -0.034142135623730946,
        1
      ],
      "children": [
        98
      ]
    },
    {
      "matrix": [
        1,
        0,
        0,
        0,
        0,
        2.220446049250313e-16,
        1,
        0,
        0,
        -1,
        2.220446049250313e-16,
        0,
        0,
        0,
        0.02,
        1
      ],
      "mesh": 0
    },
    {
      "matrix": [
        -0.1512494078242117,
        1.3877787807814457e-17,
        0.9884956330873828,
        0,
        0.24712390827184594,
        0.9682458365518541,
        0.03781235195605291,
        0,
        -0.9571067811865476,
        0.2500000000000003,
        -0.1464466094067265,
        0,
        -0.039999999999999994,
        0.13414213562373095,
        -0.034142135623730946,
        1
      ],
      "children": [
        100
      ]
    },
    {
      "matrix": [
        1,
        0,
        0,
        0,
        0,
        2.220446049250313e-16,
        1,
        0,
        0,
        -1,
        2.220446049250313e-16,
        0,
        0,
        0,
        0.02,
        1
      ],
      "mesh": 0
    },
    {
      "matrix": [
        -0.2810846377148202,
        -1.1102230246251565e-16,
        0.9596829822606673,
        0,
        0.8191406634032571,
        0.5210053832799872,
        0.23992074556516685,
        0,
        -0.5000000000000001,
        0.8535533905932737,
        -0.14644660940672627,
        0,
        -0.039999999999999994,
        0.13414213562373095,
        -0.034142135623730946,
        1
      ],
      "children": [
        102
      ]
    },
    {
      "matrix": [
        1,
        0,
        0,
        0,
        0,
        2.220446049250313e-16,
        1,
        0,
        0,
        -1,
        2.220446049250313e-16,
        0,
        0,
        0,
        0.02,
        1
      ],
      "mesh": 0
    },
    {
      "matrix": [
        -0.7071067811865479,
        0,
        0.7071067811865475,
        0,
        0,
        1,
        0,
        0,
        -0.7071067811865475,
        0,
        -0.7071067811865479,
        0,
        -0.019999999999999997,
        0.1,
        -0.028284271247461898,
        1
      ],
      "children": [
        104
      ]
    },
    {
      "matrix": [
        1,
        0,
        0,
        0,
        0,
        2.220446049250313e-16,
        1,
        0,
        0,
        -1,
        2.220446049250313e-16,
        0,
        0,
        0,
        0.02,
        1
      ],
      "mesh": 0
    },
    {
      "matrix": [
        -0.816496580927726,
        -2.7755575615628914e-17,
        0.577350269189626,
        0,
        0.28867513459481287,
        0.8660254037844387,
        0.40824829046386285,
        0,
        -0.5000000000000002,
        0.49999999999999983,
        -0.7071067811865477,
        0,
        -0.04828427124746189,
        0.1,
        -0.056568542494923796,
        1
      ],
      "children": [
        106
      ]
    },
    {
      "matrix": [
        1,
        0,
        0,
        0,
        0,
        2.220446049250313e-16,
        1,
        0,
        0,
        -1,
        2.220446049250313e-16,
        0,
        0,
        0,
        0.02,
        1
      ],
      "mesh": 0
    },
    {
      "matrix": [
        -0.9596829822606674,
        -2.7755575615628914e-17,
        0.2810846377148203,
        0,
        -0.23992074556516688,
        0.521005383279987,
        -0.8191406634032573,
        0,
        -0.14644660940672624,
        -0.8535533905932738,
        -0.5,
        0,
        -0.04828427124746189,
        0.1,
