{
  "asset": {
    "version": "2.0",
    "generator": "THREE.GLTFExporter"
  },
  "scenes": [
    {
      "name": "AuxScene",
      "nodes": [
        131
      ]
    }
  ],
  "scene": 0,
  "nodes": [
    {
      "matrix": [
        1,
        0,
        0,
        0,
        0,
        2.220446049250313e-16,
        1,
        0,
        0,
        -1,
        2.220446049250313e-16,
        0,
        0,
        0,
        5,
        1
      ],
      "mesh": 0
    },
    {
      "matrix": [
        1,
        0,
        0,
        0,
        0,
        0.00009999999949994454,
        -0.999999995,
        0,
        0,
        0.999999995,
        0.00009999999949994454,
        0,
        0,
        0,
        0,
        1
      ],
      "children": [
        0
      ]
    },
    {
      "matrix": [
        1,
        0,
        0,
        0,
        0,
        2.220446049250313e-16,
        1,
        0,
        0,
        -1,
        2.220446049250313e-16,
        0,
        0,
        0,
        5,
        1
      ],
      "mesh": 0
    },
    {
      "matrix": [
        1,
        0,
        0,
        0,
        0,
        0.00009999999949994454,
        -0.999999995,
        0,
        0,
        0.999999995,
        0.00009999999949994454,
        0,
        0,
        10,
        0,
        1
      ],
      "children": [
        2
      ]
    },
    {
      "matrix": [
        1,
        0,
        0,
        0,
        0,
        2.220446049250313e-16,
        1,
        0,
        0,
        -1,
        2.220446049250313e-16,
        0,
        0,
        0,
        5,
        1
      ],
      "mesh": 0
    },
    {
      "matrix": [
        1,
        0,
        0,
        0,
        0,
        0.00009999999949994454,
        -0.999999995,
        0,
        0,
        0.999999995,
        0.00009999999949994454,
        0,
        0,
        20,
        0,
        1
      ],
      "children": [
        4
      ]
    },
    {
      "matrix": [
        1,
        0,
        0,
        0,
        0,
        2.220446049250313e-16,
        1,
        0,
        0,
        -1,
        2.220446049250313e-16,
        0,
        0,
        0,
        5,
        1
      ],
      "mesh": 0
    },
    {
      "matrix": [
        2.220446049250313e-16,
        -1.1102230246251565e-16,
        -0.9999999999999999,
        0,
        0.831469612302545,
        0.5555702330196024,
        1.1102230246251565e-16,
        0,
        0.5555702330196023,
        -0.831469612302545,
        2.220446049250313e-16,
        0,
        0,
        30,
        0,
        1
      ],
      "children": [
        6
      ]
    },
    {
      "matrix": [
        1,
        0,
        0,
        0,
        0,
        2.220446049250313e-16,
        1,
        0,
        0,
        -1,
        2.220446049250313e-16,
        0,
        0,
        0,
        5,
        1
      ],
      "mesh": 0
    },
    {
      "matrix": [
        0,
        0,
        -1,
        0,
        0.7071067811865475,
        0.7071067811865477,
        0,
        0,
        0.7071067811865477,
        -0.7071067811865475,
        0,
        0,
        5.555702330196031,
        21.685303876974537,
        0,
        1
      ],
      "children": [
        8
      ]
    },
    {
      "matrix": [
        1,
        0,
        0,
        0,
        0,
        2.220446049250313e-16,
        1,
        0,
        0,
        -1,
        2.220446049250313e-16,
        0,
        0,
        0,
        5,
        1
      ],
      "mesh": 0
    },
    {
      "matrix": [
        0,
        0,
        -1,
        0,
        0.5555702330196023,
        0.8314696123025452,
        0,
        0,
        0.8314696123025451,
        -0.5555702330196023,
        0,
        0,
        12.626770142061517,
        14.614236065109052,
        0,
        1
      ],
      "children": [
        10
      ]
    },
    {
      "matrix": [
        1,
        0,
        0,
        0,
        0,
        2.220446049250313e-16,
        1,
        0,
        0,
        -1,
        2.220446049250313e-16,
        0,
        0,
        0,
        5,
        1
      ],
      "mesh": 0
    },
    {
      "matrix": [
        2.220446049250313e-16,
        1.1102230246251565e-16,
        0.9999999999999999,
        0,
        -0.831469612302545,
        0.5555702330196024,
        1.1102230246251565e-16,
        0,
        -0.5555702330196023,
        -0.831469612302545,
        2.220446049250313e-16,
        0,
        0,
        30,
        0,
        1
      ],
      "children": [
        12
      ]
    },
    {
      "matrix": [
        1,
        0,
        0,
        0,
        0,
        2.220446049250313e-16,
        1,
        0,
        0,
        -1,
        2.220446049250313e-16,
        0,
        0,
        0,
        5,
        1
      ],
      "mesh": 0
    },
    {
      "matrix": [
        0,
        0,
        1,
        0,
        -0.7071067811865475,
        0.7071067811865477,
        0,
        0,
        -0.7071067811865477,
        -0.7071067811865475,
        0,
        0,
        -5.555702330196031,
        21.685303876974537,
        0,
        1
      ],
      "children": [
        14
      ]
    },
    {
      "matrix": [
        1,
        0,
        0,
        0,
        0,
        2.220446049250313e-16,
        1,
        0,
        0,
        -1,
        2.220446049250313e-16,
        0,
        0,
        0,
        5,
        1
      ],
      "mesh": 0
    },
    {
      "matrix": [
        0,
        0,
        1,
        0,
        -0.5555702330196023,
        0.8314696123025452,
        0,
        0,
        -0.8314696123025451,
        -0.5555702330196023,
        0,
        0,
        -12.626770142061517,
        14.614236065109052,
        0,
        1
      ],
      "children": [
        16
      ]
    },
    {
      "matrix": [
        1,
        0,
        0,
        0,
        0,
        2.220446049250313e-16,
        1,
        0,
        0,
        -1,
        2.220446049250313e-16,
        0,
        0,
        0,
        5,
        1
      ],
      "mesh": 0
    },
    {
      "matrix": [
        -1,
        0,
        0,
        0,
        0,
        0.5555702330196024,
        -0.8314696123025451,
        0,
        0,
        -0.8314696123025451,
        -0.5555702330196024,
        0,
        0,
        30,
        0,
        1
      ],
      "children": [
        18
      ]
    },
    {
      "matrix": [
        1,
        0,
        0,
        0,
        0,
        2.220446049250313e-16,
        1,
        0,
        0,
        -1,
        2.220446049250313e-16,
        0,
        0,
        0,
        5,
        1
      ],
      "mesh": 0
    },
    {
      "matrix": [
        -0.9999999999999998,
        0,
        0,
        0,
        0,
        0.7071067811865477,
        -0.7071067811865474,
        0,
        0,
        -0.7071067811865474,
        -0.7071067811865475,
        0,
        0,
        21.685303876974537,
        -5.555702330196031,
        1
      ],
      "children": [
        20
      ]
    },
    {
      "matrix": [
        1,
        0,
        0,
        0,
        0,
        2.220446049250313e-16,
        1,
        0,
        0,
        -1,
        2.220446049250313e-16,
        0,
        0,
        0,
        5,
        1
      ],
      "mesh": 0
    },
    {
      "matrix": [
        -1,
        0,
        0,
        0,
        0,
        0.8314696123025452,
        -0.5555702330196023,
        0,
        0,
        -0.5555702330196023,
        -0.8314696123025451,
        0,
        0,
        14.614236065109052,
        -12.626770142061517,
        1
      ],
      "children": [
        22
      ]
    },
    {
      "matrix": [
        1,
        0,
        0,
        0,
        0,
        2.220446049250313e-16,
        1,
        0,
        0,
        -1,
        2.220446049250313e-16,
        0,
        0,
        0,
        5,
        1
      ],
      "mesh": 0
    },
    {
      "matrix": [
        1,
        0,
        0,
        0,
        0,
        0.5555702330196024,
        0.8314696123025451,
        0,
        0,
        -0.8314696123025451,
        0.5555702330196024,
        0,
        0,
        30,
        0,
        1
      ],
      "children": [
        24
      ]
    },
    {
      "matrix": [
        1,
        0,
        0,
        0,
        0,
        2.220446049250313e-16,
        1,
        0,
        0,
        -1,
        2.220446049250313e-16,
        0,
        0,
        0,
        5,
        1
      ],
      "mesh": 0
    },
    {
      "matrix": [
        1,
        0,
        0,
        0,
        0,
        0.7071067811865477,
        0.7071067811865474,
        0,
        0,
        -0.7071067811865474,
        0.7071067811865477,
        0,
        0,
        21.685303876974537,
        5.555702330196031,
        1
      ],
      "children": [
        26
      ]
    },
    {
      "matrix": [
        1,
        0,
        0,
        0,
        0,
        2.220446049250313e-16,
        1,
        0,
        0,
        -1,
        2.220446049250313e-16,
        0,
        0,
        0,
        5,
        1
      ],
      "mesh": 0
    },
    {
      "matrix": [
        1,
        0,
        0,
        0,
        0,
        0.8314696123025452,
        0.5555702330196023,
        0,
        0,
        -0.5555702330196023,
        0.8314696123025452,
        0,
        0,
        14.614236065109052,
        12.626770142061517,
        1
      ],
      "children": [
        28
      ]
    },
    {
      "matrix": [
        1,
        0,
        0,
        0,
        0,
        2.220446049250313e-16,
        1,
        0,
        0,
        -1,
        2.220446049250313e-16,
        0,
        0,
        0,
        5,
        1
      ],
      "mesh": 0
    },
    {
      "matrix": [
        1,
        0,
        0,
        0,
        0,
        0.00009999999949994454,
        -0.999999995,
        0,
        0,
        0.999999995,
        0.00009999999949994454,
        0,
        0,
        30,
        0,
        1
      ],
      "children": [
        30
      ]
    },
    {
      "matrix": [
        1,
        0,
        0,
        0,
        0,
        2.220446049250313e-16,
        1,
        0,
        0,
        -1,
        2.220446049250313e-16,
        0,
        0,
        0,
        5,
        1
      ],
      "mesh": 0
    },
    {
      "matrix": [
        2.220446049250313e-16,
        -1.1102230246251565e-16,
        -0.9999999999999999,
        0,
        0.831469612302545,
        0.5555702330196024,
        1.1102230246251565e-16,
        0,
        0.5555702330196023,
        -0.831469612302545,
        2.220446049250313e-16,
        0,
        0,
        40,
        0,
        1
      ],
      "children": [
        32
      ]
    },
    {
      "matrix": [
        1,
        0,
        0,
        0,
        0,
        2.220446049250313e-16,
        1,
        0,
        0,
        -1,
        2.220446049250313e-16,
        0,
        0,
        0,
        5,
        1
      ],
      "mesh": 0
    },
    {
      "matrix": [
        -2.220446049250313e-16,
        5.551115123125783e-17,
        -1.0000000000000002,
        0,
        0.7071067811865475,
        0.7071067811865477,
        -5.551115123125783e-17,
        0,
        0.7071067811865478,
        -0.7071067811865475,
        -2.220446049250313e-16,
        0,
        5.555702330196031,
        31.685303876974537,
        0,
        1
      ],
      "children": [
        34
      ]
    },
    {
      "matrix": [
        1,
        0,
        0,
        0,
        0,
        2.220446049250313e-16,
        1,
        0,
        0,
        -1,
        2.220446049250313e-16,
        0,
        0,
        0,
        5,
        1
      ],
      "mesh": 0
    },
    {
      "matrix": [
        0,
        0,
        -1,
        0,
        0.5555702330196023,
        0.8314696123025452,
        0,
        0,
        0.8314696123025451,
        -0.5555702330196023,
        0,
        0,
        12.626770142061517,
        24.614236065109054,
        0,
        1
      ],
      "children": [
        36
      ]
    },
    {
      "matrix": [
        1,
        0,
        0,
        0,
        0,
        2.220446049250313e-16,
        1,
        0,
        0,
        -1,
        2.220446049250313e-16,
        0,
        0,
        0,
        5,
        1
      ],
      "mesh": 0
    },
    {
      "matrix": [
        2.220446049250313e-16,
        1.1102230246251565e-16,
        0.9999999999999999,
        0,
        -0.831469612302545,
        0.5555702330196024,
        1.1102230246251565e-16,
        0,
        -0.5555702330196023,
        -0.831469612302545,
        2.220446049250313e-16,
        0,
        0,
        40,
        0,
        1
      ],
      "children": [
        38
      ]
    },
    {
      "matrix": [
        1,
        0,
        0,
        0,
        0,
        2.220446049250313e-16,
        1,
        0,
        0,
        -1,
        2.220446049250313e-16,
        0,
        0,
        0,
        5,
        1
      ],
      "mesh": 0
    },
    {
      "matrix": [
        -2.220446049250313e-16,
        -5.551115123125783e-17,
        1.0000000000000002,
        0,
        -0.7071067811865475,
        0.7071067811865477,
        -5.551115123125783e-17,
        0,
        -0.7071067811865478,
        -0.7071067811865475,
        -2.220446049250313e-16,
        0,
        -5.555702330196031,
        31.685303876974537,
        0,
        1
      ],
      "children": [
        40
      ]
    },
    {
      "matrix": [
        1,
        0,
        0,
        0,
        0,
        2.220446049250313e-16,
        1,
        0,
        0,
        -1,
        2.220446049250313e-16,
        0,
        0,
        0,
        5,
        1
      ],
      "mesh": 0
    },
    {
      "matrix": [
        0,
        0,
        1,
        0,
        -0.5555702330196023,
        0.8314696123025452,
        0,
        0,
        -0.8314696123025451,
        -0.5555702330196023,
        0,
        0,
        -12.626770142061517,
        24.614236065109054,
        0,
        1
      ],
      "children": [
        42
      ]
    },
    {
      "matrix": [
        1,
        0,
        0,
        0,
        0,
        2.220446049250313e-16,
        1,
        0,
        0,
        -1,
        2.220446049250313e-16,
        0,
        0,
        0,
        5,
        1
      ],
      "mesh": 0
    },
    {
      "matrix": [
        -1,
        0,
        0,
        0,
        0,
        0.5555702330196024,
        -0.8314696123025451,
        0,
        0,
        -0.8314696123025451,
        -0.5555702330196024,
        0,
        0,
        40,
        0,
        1
      ],
      "children": [
        44
      ]
    },
    {
      "matrix": [
        1,
        0,
        0,
        0,
        0,
        2.220446049250313e-16,
        1,
        0,
        0,
        -1,
        2.220446049250313e-16,
        0,
        0,
        0,
        5,
        1
      ],
      "mesh": 0
    },
    {
      "matrix": [
        -1.0000000000000004,
        0,
        0,
        0,
        0,
        0.7071067811865476,
        -0.7071067811865475,
        0,
        0,
        -0.7071067811865475,
        -0.7071067811865479,
        0,
        0,
        31.685303876974537,
        -5.555702330196031,
        1
      ],
      "children": [
        46
      ]
    },
    {
      "matrix": [
        1,
        0,
        0,
        0,
        0,
        2.220446049250313e-16,
        1,
        0,
        0,
        -1,
        2.220446049250313e-16,
        0,
        0,
        0,
        5,
        1
      ],
      "mesh": 0
    },
    {
      "matrix": [
        -1,
        0,
        0,
        0,
        0,
        0.8314696123025452,
        -0.5555702330196023,
        0,
        0,
        -0.5555702330196023,
        -0.8314696123025451,
        0,
        0,
        24.614236065109054,
        -12.626770142061517,
        1
      ],
      "children": [
        48
      ]
    },
    {
      "matrix": [
        1,
        0,
        0,
        0,
        0,
        2.220446049250313e-16,
        1,
        0,
        0,
        -1,
        2.220446049250313e-16,
        0,
        0,
        0,
        5,
        1
      ],
      "mesh": 0
    },
    {
      "matrix": [
        1,
        0,
        0,
        0,
        0,
        0.5555702330196024,
        0.8314696123025451,
        0,
        0,
        -0.8314696123025451,
        0.5555702330196024,
        0,
        0,
        40,
        0,
        1
      ],
      "children": [
        50
      ]
    },
    {
      "matrix": [
        1,
        0,
        0,
        0,
        0,
        2.220446049250313e-16,
        1,
        0,
        0,
        -1,
        2.220446049250313e-16,
        0,
        0,
        0,
        5,
        1
      ],
      "mesh": 0
    },
    {
      "matrix": [
        1,
        0,
        0,
        0,
        0,
        0.7071067811865477,
        0.7071067811865475,
        0,
        0,
        -0.7071067811865475,
        0.7071067811865477,
        0,
        0,
        31.685303876974537,
        5.555702330196031,
        1
      ],
      "children": [
        52
      ]
    },
    {
      "matrix": [
        1,
        0,
        0,
        0,
        0,
        2.220446049250313e-16,
        1,
        0,
        0,
        -1,
        2.220446049250313e-16,
        0,
        0,
        0,
        5,
        1
      ],
      "mesh": 0
    },
    {
      "matrix": [
        1,
        0,
        0,
        0,
        0,
        0.8314696123025452,
        0.5555702330196023,
        0,
        0,
        -0.5555702330196023,
        0.8314696123025452,
        0,
        0,
        24.614236065109054,
        12.626770142061517,
        1
      ],
      "children": [
        54
      ]
    },
    {
      "matrix": [
        1,
        0,
        0,
        0,
        0,
        2.220446049250313e-16,
        1,
        0,
        0,
        -1,
        2.220446049250313e-16,
        0,
        0,
        0,
        5,
        1
      ],
      "mesh": 0
    },
    {
      "matrix": [
        1,
        0,
        0,
        0,
        0,
        0.00009999999949994454,
        -0.999999995,
        0,
        0,
        0.999999995,
        0.00009999999949994454,
        0,
        0,
        40,
        0,
        1
      ],
      "children": [
        56
      ]
    },
    {
      "matrix": [
        1,
        0,
        0,
        0,
        0,
        2.220446049250313e-16,
        1,
        0,
        0,
        -1,
        2.220446049250313e-16,
        0,
        0,
        0,
        5,
        1
      ],
      "mesh": 0
    },
    {
      "matrix": [
        2.220446049250313e-16,
        -1.1102230246251565e-16,
        -0.9999999999999999,
        0,
        0.831469612302545,
        0.5555702330196024,
        1.1102230246251565e-16,
        0,
        0.5555702330196023,
        -0.831469612302545,
        2.220446049250313e-16,
        0,
        0,
        50,
        0,
        1
      ],
      "children": [
        58
      ]
    },
    {
      "matrix": [
        1,
        0,
        0,
        0,
        0,
        2.220446049250313e-16,
        1,
        0,
        0,
        -1,
        2.220446049250313e-16,
        0,
        0,
        0,
        5,
        1
      ],
      "mesh": 0
    },
    {
      "matrix": [
        -2.220446049250313e-16,
        5.551115123125783e-17,
        -1.0000000000000002,
        0,
        0.7071067811865475,
        0.7071067811865477,
        -5.551115123125783e-17,
        0,
        0.7071067811865478,
        -0.7071067811865475,
        -2.220446049250313e-16,
        0,
        5.555702330196031,
        41.68530387697454,
        0,
        1
      ],
      "children": [
        60
      ]
    },
    {
      "matrix": [
        1,
        0,
        0,
        0,
        0,
        2.220446049250313e-16,
        1,
        0,
        0,
        -1,
        2.220446049250313e-16,
        0,
        0,
        0,
        5,
        1
      ],
      "mesh": 0
    },
    {
      "matrix": [
        2.220446049250313e-16,
        1.1102230246251565e-16,
        0.9999999999999999,
        0,
        -0.831469612302545,
        0.5555702330196024,
        1.1102230246251565e-16,
        0,
        -0.5555702330196023,
        -0.831469612302545,
        2.220446049250313e-16,
        0,
        0,
        50,
        0,
        1
      ],
      "children": [
        62
      ]
    },
    {
      "matrix": [
        1,
        0,
        0,
        0,
        0,
        2.220446049250313e-16,
        1,
        0,
        0,
        -1,
        2.220446049250313e-16,
        0,
        0,
        0,
        5,
        1
      ],
      "mesh": 0
    },
    {
      "matrix": [
        -2.220446049250313e-16,
        -5.551115123125783e-17,
        1.0000000000000002,
        0,
        -0.7071067811865475,
        0.7071067811865477,
        -5.551115123125783e-17,
        0,
        -0.7071067811865478,
        -0.7071067811865475,
        -2.220446049250313e-16,
        0,
        -5.555702330196031,
        41.68530387697454,
        0,
        1
      ],
      "children": [
        64
      ]
    },
    {
      "matrix": [
        1,
        0,
        0,
        0,
        0,
        2.220446049250313e-16,
        1,
        0,
        0,
        -1,
        2.220446049250313e-16,
        0,
        0,
        0,
        5,
        1
      ],
      "mesh": 0
    },
    {
      "matrix": [
        -1,
        0,
        0,
        0,
        0,
        0.5555702330196024,
        -0.8314696123025451,
        0,
        0,
        -0.8314696123025451,
        -0.5555702330196024,
        0,
        0,
        50,
        0,
        1
      ],
      "children": [
        66
      ]
    },
    {
      "matrix": [
        1,
        0,
        0,
        0,
        0,
        2.220446049250313e-16,
        1,
        0,
        0,
        -1,
        2.220446049250313e-16,
        0,
        0,
        0,
        5,
        1
      ],
      "mesh": 0
    },
    {
      "matrix": [
        -1.0000000000000004,
        0,
        0,
        0,
        0,
        0.7071067811865476,
        -0.7071067811865475,
        0,
        0,
        -0.7071067811865475,
        -0.7071067811865479,
        0,
        0,
        41.68530387697454,
        -5.555702330196031,
        1
      ],
      "children": [
        68
      ]
    },
    {
      "matrix": [
        1,
        0,
        0,
        0,
        0,
        2.220446049250313e-16,
        1,
        0,
        0,
        -1,
        2.220446049250313e-16,
        0,
        0,
        0,
        5,
        1
      ],
      "mesh": 0
    },
    {
      "matrix": [
        1,
        0,
        0,
        0,
        0,
        0.5555702330196024,
        0.8314696123025451,
        0,
        0,
        -0.8314696123025451,
        0.5555702330196024,
        0,
        0,
        50,
        0,
        1
      ],
      "children": [
        70
      ]
    },
    {
      "matrix": [
        1,
        0,
        0,
        0,
        0,
        2.220446049250313e-16,
        1,
        0,
        0,
        -1,
        2.220446049250313e-16,
        0,
        0,
        0,
        5,
        1
      ],
      "mesh": 0
    },
    {
      "matrix": [
        1,
        0,
        0,
        0,
        0,
        0.7071067811865477,
        0.7071067811865475,
        0,
        0,
        -0.7071067811865475,
        0.7071067811865477,
        0,
        0,
        41.68530387697454,
        5.555702330196031,
        1
      ],
      "children": [
        72
      ]
    },
    {
      "matrix": [
        1,
        0,
        0,
        0,
        0,
        2.220446049250313e-16,
        1,
        0,
        0,
        -1,
        2.220446049250313e-16,
        0,
        0,
        0,
        5,
        1
      ],
      "mesh": 0
    },
    {
      "matrix": [
        1,
        0,
        0,
        0,
        0,
        0.00009999999949994454,
        -0.999999995,
        0,
        0,
        0.999999995,
        0.00009999999949994454,
        0,
        0,
        50,
        0,
        1
      ],
      "children": [
        74
      ]
    },
    {
      "matrix": [
        1,
        0,
        0,
        0,
        0,
        2.220446049250313e-16,
        1,
        0,
        0,
        -1,
        2.220446049250313e-16,
        0,
        0,
        0,
        5,
        1
      ],
      "mesh": 0
    },
    {
      "matrix": [
        2.220446049250313e-16,
        -1.1102230246251565e-16,
        -0.9999999999999999,
        0,
        0.831469612302545,
        0.5555702330196024,
        1.1102230246251565e-16,
        0,
        0.5555702330196023,
        -0.831469612302545,
        2.220446049250313e-16,
        0,
        0,
        60,
        0,
        1
      ],
      "children": [
        76
      ]
    },
    {
      "matrix": [
        1,
        0,
        0,
        0,
        0,
        2.220446049250313e-16,
        1,
        0,
        0,
        -1,
        2.220446049250313e-16,
        0,
        0,
        0,
        5,
        1
      ],
      "mesh": 0
    },
    {
      "matrix": [
        2.220446049250313e-16,
        1.1102230246251565e-16,
        0.9999999999999999,
        0,
        -0.831469612302545,
        0.5555702330196024,
        1.1102230246251565e-16,
        0,
        -0.5555702330196023,
        -0.831469612302545,
        2.220446049250313e-16,
        0,
        0,
        60,
        0,
        1
      ],
      "children": [
        78
      ]
    },
    {
      "matrix": [
        1,
        0,
        0,
        0,
        0,
        2.220446049250313e-16,
        1,
        0,
        0,
        -1,
        2.220446049250313e-16,
        0,
        0,
        0,
        5,
        1
      ],
      "mesh": 0
    },
    {
      "matrix": [
        -1,
        0,
        0,
        0,
        0,
        0.5555702330196024,
        -0.8314696123025451,
        0,
        0,
        -0.8314696123025451,
        -0.5555702330196024,
        0,
        0,
        60,
        0,
        1
      ],
      "children": [
        80
      ]
    },
    {
      "matrix": [
        1,
        0,
        0,
        0,
        0,
        2.220446049250313e-16,
        1,
        0,
        0,
        -1,
        2.220446049250313e-16,
        0,
        0,
        0,
        5,
        1
      ],
      "mesh": 0
    },
    {
      "matrix": [
        1,
        0,
        0,
        0,
        0,
        0.5555702330196024,
        0.8314696123025451,
        0,
        0,
        -0.8314696123025451,
        0.5555702330196024,
        0,
        0,
        60,
        0,
        1
      ],
      "children": [
        82
      ]
    },
    {
      "matrix": [
        1,
        0,
        0,
        0,
        0,
        2.220446049250313e-16,
        1,
        0,
        0,
        -1,
        2.220446049250313e-16,
        0,
        0,
        0,
        5,
        1
      ],
      "mesh": 0
    },
    {
      "matrix": [
        1,
        0,
        0,
        0,
        0,
        0.00009999999949994454,
        -0.999999995,
        0,
        0,
        0.999999995,
        0.00009999999949994454,
        0,
        0,
        60,
        0,
        1
      ],
      "children": [
        84
      ]
    },
    {
      "matrix": [
        1,
        0,
        0,
        0,
        0,
        2.220446049250313e-16,
        1,
        0,
        0,
        -1,
        2.220446049250313e-16,
        0,
        0,
        0,
        5,
        1
      ],
      "mesh": 0
    },
    {
      "matrix": [
        1,
        0,
        0,
        0,
        0,
        0.00009999999949994454,
        -0.999999995,
        0,
        0,
        0.999999995,
        0.00009999999949994454,
        0,
        0,
        70,
        0,
        1
      ],
      "children": [
        86
      ]
    },
    {
      "children": [
        1,
        3,
        5,
        7,
        9,
        11,
        13,
        15,
        17,
        19,
        21,
        23,
        25,
        27,
        29,
        31,
        33,
        35,
        37,
        39,
        41,
        43,
        45,
        47,
        49,
        51,
        53,
        55,
        57,
        59,
        61,
        63,
        65,
        67,
        69,
        71,
        73,
        75,
        77,
        79,
        81,
        83,
        85,
        87
      ]
    },
    {
      "matrix": [
        1,
        0,
        0,
        0,
        0,
        1,
        0,
        0,
        0,
        0,
        1,
        0,
        5.555702330196031,
        21.685303876974537,
        0,
        1
      ],
      "mesh": 1
    },
    {
      "matrix": [
        1,
        0,
        0,
        0,
        0,
        1,
        0,
        0,
        0,
        0,
        1,
        0,
        12.626770142061517,
        14.614236065109052,
        0,
        1
      ],
      "mesh": 1
    },
    {
      "matrix": [
        1,
        0,
        0,
        0,
        0,
        1,
        0,
        0,
        0,
        0,
        1,
        0,
        20.94146626508698,
        9.058533734913022,
        0,
        1
      ],
      "mesh": 1
    },
    {
      "matrix": [
        1,
        0,
        0,
        0,
        0,
        1,
        0,
        0,
        0,
        0,
        1,
        0,
        -5.555702330196031,
        21.685303876974537,
        0,
        1
      ],
      "mesh": 1
    },
    {
      "matrix": [
        1,
        0,
        0,
        0,
        0,
        1,
        0,
        0,
        0,
        0,
        1,
        0,
        -12.626770142061517,
        14.614236065109052,
        0,
        1
      ],
      "mesh": 1
    },
    {
      "matrix": [
        1,
        0,
        0,
        0,
        0,
        1,
        0,
        0,
        0,
        0,
        1,
        0,
        -20.94146626508698,
        9.058533734913022,
        0,
        1
      ],
      "mesh": 1
    },
    {
      "matrix": [
        1,
        0,
        0,
        0,
        0,
        1,
        0,
        0,
        0,
        0,
        1,
        0,
        0,
        21.685303876974537,
        -5.555702330196031,
        1
      ],
      "mesh": 1
    },
    {
      "matrix": [
        1,
        0,
        0,
        0,
        0,
        1,
        0,
        0,
        0,
        0,
        1,
        0,
        0,
        14.614236065109052,
        -12.626770142061517,
        1
      ],
      "mesh": 1
    },
    {
      "matrix": [
        1,
        0,
        0,
        0,
        0,
        1,
        0,
        0,
        0,
        0,
        1,
        0,
        0,
        9.058533734913022,
        -20.94146626508698,
        1
      ],
      "mesh": 1
    },
    {
      "matrix": [
        1,
        0,
        0,
        0,
        0,
        1,
        0,
        0,
        0,
        0,
        1,
        0,
        0,
        21.685303876974537,
        5.555702330196031,
        1
      ],
      "mesh": 1
    },
    {
      "matrix": [
        1,
        0,
        0,
        0,
        0,
        1,
        0,
        0,
        0,
        0,
        1,
        0,
        0,
        14.614236065109052,
        12.626770142061517,
        1
      ],
      "mesh": 1
    },
    {
      "matrix": [
        1,
        0,
        0,
        0,
        0,
        1,
        0,
        0,
        0,
        0,
        1,
        0,
        0,
        9.058533734913022,
        20.94146626508698,
        1
      ],
      "mesh": 1
    },
    {
      "matrix": [
        1,
        0,
        0,
        0,
        0,
        1,
        0,
        0,
        0,
        0,
        1,
        0,
        0,
        40,
        0,
        1
      ],
      "mesh": 1
    },
    {
      "matrix": [
        1,
        0,
        0,
        0,
        0,
        1,
        0,
        0,
        0,
        0,
        1,
        0,
        5.555702330196031,
        31.685303876974537,
        0,
        1
      ],
      "mesh": 1
    },
    {
      "matrix": [
        1,
        0,
        0,
        0,
        0,
        1,
        0,
        0,
        0,
        0,
        1,
        0,
        12.626770142061517,
        24.614236065109054,
        0,
        1
      ],
      "mesh": 1
    },
    {
      "matrix": [
        1,
        0,
        0,
        0,
        0,
        1,
        0,
        0,
        0,
        0,
        1,
        0,
        20.94146626508698,
        19.058533734913023,
        0,
        1
      ],
      "mesh": 1
    },
    {
      "matrix": [
        1,
        0,
        0,
        0,
        0,
        1,
        0,
        0,
        0,
        0,
        1,
        0,
        -5.555702330196031,
        31.685303876974537,
        0,
        1
      ],
      "mesh": 1
    },
    {
      "matrix": [
        1,
        0,
        0,
        0,
        0,
        1,
        0,
        0,
        0,
        0,
        1,
        0,
        -12.626770142061517,
        24.614236065109054,
        0,
        1
      ],
      "mesh": 1
    },
    {
      "matrix": [
        1,
        0,
        0,
        0,
        0,
        1,
        0,
        0,
        0,
        0,
        1,
        0,
        -20.94146626508698,
        19.058533734913023,
        0,
        1
      ],
      "mesh": 1
    },
    {
      "matrix": [
        1,
        0,
        0,
        0,
        0,
        1,
        0,
        0,
        0,
        0,
        1,
        0,
        0,
        31.685303876974537,
        -5.555702330196031,
        1
      ],
      "mesh": 1
    },
    {
      "matrix": [
        1,
        0,
        0,
        0,
        0,
        1,
        0,
        0,
        0,
        0,
        1,
        0,
        0,
        24.614236065109054,
        -12.626770142061517,
        1
      ],
      "mesh": 1
    },
    {
      "matrix": [
        1,
        0,
        0,
        0,
        0,
        1,
        0,
        0,
        0,
        0,
        1,
        0,
        0,
        19.058533734913023,
        -20.94146626508698,
        1
      ],
      "mesh": 1
    },
    {
      "matrix": [
        1,
        0,
        0,
        0,
        0,
        1,
        0,
        0,
        0,
        0,
        1,
        0,
        0,
        31.685303876974537,
        5.555702330196031,
        1
      ],
      "mesh": 1
    },
    {
      "matrix": [
        1,
        0,
        0,
        0,
        0,
        1,
        0,
        0,
        0,
        0,
        1,
        0,
        0,
        24.614236065109054,
        12.626770142061517,
        1
      ],
      "mesh": 1
    },
    {
      "matrix": [
        1,
        0,
        0,
        0,
        0,
        1,
        0,
        0,
        0,
        0,
        1,
        0,
        0,
        19.058533734913023,
        20.94146626508698,
        1
      ],
      "mesh": 1
    },
    {
      "matrix": [
        1,
        0,
        0,
        0,
        0,
        1,
        0,
        0,
        0,
        0,
        1,
        0,
        0,
        50,
        0,
        1
      ],
      "mesh": 1
    },
    {
      "matrix": [
        1,
        0,
        0,
        0,
        0,
        1,
        0,
        0,
        0,
        0,
        1,
        0,
        5.555702330196031,
        41.68530387697454,
        0,
        1
      ],
      "mesh": 1
    },
    {
      "matrix": [
        1,
        0,
        0,
        0,
        0,
        1,
        0,
        0,
        0,
        0,
        1,
        0,
        12.626770142061517,
        34.614236065109054,
        0,
        1
      ],
      "mesh": 1
    },
    {
      "matrix": [
        1,
        0,
        0,
        0,
        0,
        1,
        0,
        0,
        0,
        0,
        1,
        0,
        -5.555702330196031,
        41.68530387697454,
        0,
        1
      ],
      "mesh": 1
    },
    {
      "matrix": [
        1,
        0,
        0,
        0,
        0,
        1,
        0,
        0,
        0,
        0,
        1,
        0,
        -12.626770142061517,
        34.614236065109054,
        0,
        1
      ],
      "mesh": 1
    },
    {
      "matrix": [
        1,
        0,
        0,
        0,
        0,
        1,
        0,
        0,
        0,
        0,
        1,
        0,
        0,
        41.68530387697454,
        -5.555702330196031,
        1
      ],
      "mesh": 1
    },
    {
      "matrix": [
        1,
        0,
        0,
        0,
        0,
        1,
        0,
        0,
        0,
        0,
        1,
        0,
        0,
        34.614236065109054,
        -12.626770142061517,
        1
      ],
      "mesh": 1
    },
    {
      "matrix": [
        1,
        0,
        0,
        0,
        0,
        1,
        0,
        0,
        0,
        0,
        1,
        0,
        0,
        41.68530387697454,
        5.555702330196031,
        1
      ],
      "mesh": 1
    },
    {
      "matrix": [
        1,
        0,
        0,
        0,
        0,
        1,
        0,
        0,
        0,
        0,
        1,
        0,
        0,
        34.614236065109054,
        12.626770142061517,
        1
      ],
      "mesh": 1
    },
    {
      "matrix": [
        1,
        0,
        0,
        0,
        0,
        1,
        0,
        0,
        0,
        0,
        1,
        0,
        0,
        60,
        0,
        1
      ],
      "mesh": 1
    },
    {
      "matrix": [
        1,
        0,
        0,
        0,
        0,
        1,
        0,
        0,
        0,
        0,
        1,
        0,
        5.555702330196031,
        51.68530387697454,
        0,
        1
      ],
      "mesh": 1
    },
    {
      "matrix": [
        1,
        0,
        0,
        0,
        0,
        1,
        0,
        0,
        0,
        0,
        1,
        0,
        -5.555702330196031,
        51.68530387697454,
        0,
        1
      ],
      "mesh": 1
    },
    {
      "matrix": [
        1,
        0,
        0,
        0,
        0,
        1,
        0,
        0,
        0,
        0,
        1,
        0,
        0,
        51.68530387697454,
        -5.555702330196031,
        1
      ],
      "mesh": 1
    },
    {
      "matrix": [
        1,
        0,
        0,
        0,
        0,
        1,
        0,
        0,
        0,
        0,
        1,
        0,
        0,
        51.68530387697454,
        5.555702330196031,
        1
      ],
      "mesh": 1
    },
    {
      "matrix": [
        1,
        0,
        0,
        0,
        0,
        1,
        0,
        0,
        0,
        0,
        1,
        0,
        0,
        70,
        0,
        1
      ],
      "mesh": 1
    },
    {
      "matrix": [
        1,
        0,
        0,
        0,
        0,
        1,
        0,
        0,
        0,
        0,
        1,
        0,
        0,
        80,
        0,
        1
      ],
      "mesh": 1
    },
    {
      "children": [
        89,
        90,
        91,
        92,
        93,
        94,
        95,
        96,
        97,
        98,
        99,
        100,
        101,
        102,
        103,
        104,
        105,
        106,
        107,
        108,
        109,
        110,
        111,
        112,
        113,
        114,
        115,
        116,
        117,
        118,
        119,
        120,
